Swap:            99           0          99
Swap:            99           0          99
Swap:            99           0          99
Swap:            99           0          99
Swap:            99           0          99
Swap:            99           0          99
Swap:            99           0          99
Swap:            99           0          99
Swap:            99           0          99
Swap:            99           0          99
Swap:            99           0          99
Swap:            99           0          99
Swap:            99           0          99
Swap:            99           0          99
Swap:            99           0          99
Swap:            99           0          99
Swap:            99           0          99
Swap:            99           0          99
Swap:            99           0          99
Swap:            99           0          99
Swap:            99           0          99
Swap:            99           0          99
Swap:            99           0          99
Swap:            99           0          99
Swap:            99           0          99
Swap:            99           0          99
Swap:            99           0          99
Swap:            99           0          99
Swap:            99           0          99
Swap:            99           0          99
Swap:            99           0          99
Swap:            99           0          99
Swap:            99           0          99
Swap:            99           0          99
Swap:            99           0          99
Swap:            99           0          99
Swap:            99           0          99
Swap:            99           0          99
Swap:            99           0          99
Swap:            99           0          99
Swap:            99           0          99
Swap:            99           0          99
Swap:            99           0          99
Swap:            99           0          99
Swap:            99           0          99
Swap:            99           0          99
Swap:            99           0          99
Swap:            99           0          99
Swap:            99           0          99
Swap:            99           0          99
Swap:            99           0          99
Swap:            99           0          99
Swap:            99           0          99
Swap:            99           0          99
Swap:            99           0          99
Swap:            99           0          99
Swap:            99           0          99
Swap:            99           0          99
Swap:            99           0          99
Swap:            99           0          99
